 19
Beijing	0.0000	0.3515	0.3383	0.7015	0.2475	0.3582	0.1733	0.1436	0.3800	0.4527	0.5323	0.3168	0.1931	0.3184	0.4851	0.2376	0.5224	0.2150	0.6667
Changsha	0.3515	0.0000	0.4604	0.7426	0.4039	0.4356	0.3399	0.3350	0.4478	0.4109	0.5594	0.3498	0.3448	0.4554	0.5074	0.3941	0.5743	0.3980	0.7079
Chengdu	0.3383	0.4604	0.0000	0.7463	0.4307	0.4627	0.3168	0.3366	0.4550	0.5174	0.5821	0.4554	0.3020	0.4577	0.5495	0.3366	0.6020	0.3450	0.6915
Fuzhou	0.7015	0.7426	0.7463	0.0000	0.6980	0.7264	0.7129	0.7079	0.7250	0.7512	0.7413	0.7376	0.7178	0.7512	0.7723	0.7426	0.7711	0.7150	0.6418
Guangzhou	0.2475	0.4039	0.4307	0.6980	0.0000	0.4059	0.3300	0.3054	0.4129	0.4752	0.5050	0.3793	0.3202	0.4257	0.4877	0.3645	0.5198	0.3134	0.6683
Guilin	0.3582	0.4356	0.4627	0.7264	0.4059	0.0000	0.3713	0.3515	0.4400	0.5025	0.5323	0.4158	0.3366	0.4776	0.5149	0.4455	0.5821	0.3750	0.6716
Ha_erbin	0.1733	0.3399	0.3168	0.7129	0.3300	0.3713	0.0000	0.1379	0.4030	0.4406	0.5149	0.3350	0.1626	0.2921	0.4778	0.2562	0.5594	0.2488	0.6832
Jinan	0.1436	0.3350	0.3366	0.7079	0.3054	0.3515	0.1379	0.0000	0.3980	0.4356	0.5347	0.3202	0.1478	0.3119	0.4680	0.2463	0.5594	0.2388	0.6733
Jixi	0.3800	0.4478	0.4550	0.7250	0.4129	0.4400	0.4030	0.3980	0.0000	0.4700	0.5450	0.4478	0.3682	0.5250	0.4975	0.4478	0.5450	0.3970	0.6900
Loudi	0.4527	0.4109	0.5174	0.7512	0.4752	0.5025	0.4406	0.4356	0.4700	0.0000	0.5771	0.4307	0.4505	0.5473	0.5099	0.5050	0.5672	0.4500	0.7065
Meixian	0.5323	0.5594	0.5821	0.7413	0.5050	0.5323	0.5149	0.5347	0.5450	0.5771	0.0000	0.5396	0.5396	0.6169	0.5842	0.5545	0.6119	0.5300	0.7214
Nanchang	0.3168	0.3498	0.4554	0.7376	0.3793	0.4158	0.3350	0.3202	0.4478	0.4307	0.5396	0.0000	0.3202	0.4752	0.4828	0.3941	0.5248	0.3731	0.6980
Nanjing	0.1931	0.3448	0.3020	0.7178	0.3202	0.3366	0.1626	0.1478	0.3682	0.4505	0.5396	0.3202	0.0000	0.3218	0.4581	0.2512	0.5644	0.2139	0.6584
Rongcheng	0.3184	0.4554	0.4577	0.7512	0.4257	0.4776	0.2921	0.3119	0.5250	0.5473	0.6169	0.4752	0.3218	0.0000	0.5842	0.3861	0.6318	0.3831	0.7214
Suzhou	0.4851	0.5074	0.5495	0.7723	0.4877	0.5149	0.4778	0.4680	0.4975	0.5099	0.5842	0.4828	0.4581	0.5842	0.0000	0.5222	0.5495	0.4876	0.7277
Taiyuan	0.2376	0.3941	0.3366	0.7426	0.3645	0.4455	0.2562	0.2463	0.4478	0.5050	0.5545	0.3941	0.2512	0.3861	0.5222	0.0000	0.5842	0.3035	0.7030
Wenzhou	0.5224	0.5743	0.6020	0.7711	0.5198	0.5821	0.5594	0.5594	0.5450	0.5672	0.6119	0.5248	0.5644	0.6318	0.5495	0.5842	0.0000	0.5700	0.7413
Xi_an	0.2150	0.3980	0.3450	0.7150	0.3134	0.3750	0.2488	0.2388	0.3970	0.4500	0.5300	0.3731	0.2139	0.3831	0.4876	0.3035	0.5700	0.0000	0.6650
Xiamen	0.6667	0.7079	0.6915	0.6418	0.6683	0.6716	0.6832	0.6733	0.6900	0.7065	0.7214	0.6980	0.6584	0.7214	0.7277	0.7030	0.7413	0.6650	0.0000
