 19
Beijing	0.0000	0.1089	0.2438	0.4726	0.1485	0.2786	0.1337	0.0941	0.2750	0.3383	0.4229	0.1436	0.1287	0.1841	0.3762	0.0941	0.3682	0.1500	0.4876
Changsha	0.1089	0.0000	0.2574	0.4653	0.2069	0.2178	0.1133	0.0887	0.2587	0.2327	0.4158	0.1133	0.0985	0.1931	0.3202	0.1232	0.3762	0.1841	0.4802
Chengdu	0.2438	0.2574	0.0000	0.5323	0.3267	0.3383	0.2178	0.2327	0.3350	0.3731	0.4627	0.2624	0.1931	0.2935	0.4158	0.1881	0.4428	0.2500	0.5224
Fuzhou	0.4726	0.4653	0.5323	0.0000	0.4604	0.4826	0.4950	0.4901	0.5050	0.5323	0.5075	0.4703	0.4752	0.5124	0.5149	0.4752	0.5025	0.4850	0.4129
Guangzhou	0.1485	0.2069	0.3267	0.4604	0.0000	0.3168	0.2611	0.2167	0.3035	0.3614	0.4010	0.2167	0.2266	0.2772	0.3842	0.2020	0.3713	0.2239	0.4851
Guilin	0.2786	0.2178	0.3383	0.4826	0.3168	0.0000	0.2822	0.2475	0.3200	0.3781	0.4229	0.2327	0.2277	0.3184	0.3713	0.2772	0.4328	0.2850	0.5025
Ha_erbin	0.1337	0.1133	0.2178	0.4950	0.2611	0.2822	0.0000	0.0837	0.2736	0.3119	0.4307	0.1576	0.0985	0.1634	0.3744	0.1232	0.4109	0.1841	0.5050
Jinan	0.0941	0.0887	0.2327	0.4901	0.2167	0.2475	0.0837	0.0000	0.2687	0.3119	0.4406	0.1379	0.0739	0.1634	0.3547	0.1084	0.4010	0.1741	0.4901
Jixi	0.2750	0.2587	0.3350	0.5050	0.3035	0.3200	0.2736	0.2687	0.0000	0.3500	0.4550	0.2836	0.2289	0.3250	0.3781	0.2836	0.3900	0.2714	0.4850
Loudi	0.3383	0.2327	0.3731	0.5323	0.3614	0.3781	0.3119	0.3119	0.3500	0.0000	0.4527	0.2723	0.3069	0.3582	0.3861	0.3267	0.4229	0.3200	0.5124
Meixian	0.4229	0.4158	0.4627	0.5075	0.4010	0.4229	0.4307	0.4406	0.4550	0.4527	0.0000	0.4059	0.4208	0.4577	0.4802	0.4010	0.4776	0.4150	0.5224
Nanchang	0.1436	0.1133	0.2624	0.4703	0.2167	0.2327	0.1576	0.1379	0.2836	0.2723	0.4059	0.0000	0.1379	0.2327	0.3350	0.1527	0.3515	0.2040	0.4653
Nanjing	0.1287	0.0985	0.1931	0.4752	0.2266	0.2277	0.0985	0.0739	0.2289	0.3069	0.4208	0.1379	0.0000	0.1683	0.3350	0.1133	0.3861	0.1493	0.4752
Rongcheng	0.1841	0.1931	0.2935	0.5124	0.2772	0.3184	0.1634	0.1634	0.3250	0.3582	0.4577	0.2327	0.1683	0.0000	0.4059	0.1931	0.4378	0.2289	0.5373
Suzhou	0.3762	0.3202	0.4158	0.5149	0.3842	0.3713	0.3744	0.3547	0.3781	0.3861	0.4802	0.3350	0.3350	0.4059	0.0000	0.3448	0.4010	0.3632	0.4950
Taiyuan	0.0941	0.1232	0.1881	0.4752	0.2020	0.2772	0.1232	0.1084	0.2836	0.3267	0.4010	0.1527	0.1133	0.1931	0.3448	0.0000	0.3812	0.1642	0.4901
Wenzhou	0.3682	0.3762	0.4428	0.5025	0.3713	0.4328	0.4109	0.4010	0.3900	0.4229	0.4776	0.3515	0.3861	0.4378	0.4010	0.3812	0.0000	0.4000	0.4975
Xi_an	0.1500	0.1841	0.2500	0.4850	0.2239	0.2850	0.1841	0.1741	0.2714	0.3200	0.4150	0.2040	0.1493	0.2289	0.3632	0.1642	0.4000	0.0000	0.4950
Xiamen	0.4876	0.4802	0.5224	0.4129	0.4851	0.5025	0.5050	0.4901	0.4850	0.5124	0.5224	0.4653	0.4752	0.5373	0.4950	0.4901	0.4975	0.4950	0.0000
